strongly_connected_components
{(40, 34, 3, 3), (37, 34, 5, 4), (40, 34, 2, 4), (38, 37, 1, 4), (38, 33, 5, 4), (40, 33, 4, 3), (39, 34, 5, 2), (40, 37, 0, 3), (39, 37, 4, 0), (40, 35, 4, 1), (40, 39, 0, 1), (40, 38, 2, 0), (36, 36, 4, 4), (37, 35, 5, 3), (40, 33, 3, 4), (38, 34, 5, 3), (37, 35, 4, 4), (40, 36, 1, 3), (40, 32, 5, 3), (39, 39, 0, 2), (40, 37, 3, 0), (39, 38, 0, 3), (40, 34, 5, 1), (39, 38, 3, 0), (40, 40, 0, 0), (36, 36, 5, 3), (39, 33, 4, 4), (39, 35, 5, 1), (39, 34, 3, 4), (40, 35, 1, 4), (40, 35, 2, 3), (39, 32, 5, 4), (39, 36, 1, 4), (40, 34, 4, 2), (40, 38, 0, 2), (38, 38, 4, 0), (39, 39, 2, 0), (40, 31, 5, 4), (40, 37, 1, 2), (40, 33, 5, 2), (40, 32, 4, 4), (40, 36, 4, 0), (40, 35, 5, 0), (40, 39, 1, 0), (39, 36, 5, 0), (38, 38, 0, 4), (38, 34, 4, 4), (39, 33, 5, 3), (39, 35, 2, 4), (38, 37, 5, 0), (40, 36, 0, 4), (36, 35, 5, 4), (39, 37, 0, 4)}
{(37, 36, 3, 4), (40, 36, 3, 1), (38, 36, 2, 4), (40, 36, 2, 2), (38, 36, 5, 1), (37, 36, 5, 2)}
{(37, 36, 4, 3)}
{(37, 37, 5, 1), (40, 37, 2, 1), (37, 37, 2, 4)}
{(37, 37, 3, 3)}
{(37, 37, 4, 2)}
{(38, 35, 5, 2), (40, 35, 3, 2), (38, 35, 3, 4)}
{(38, 35, 4, 3)}
{(38, 36, 3, 3)}
{(38, 36, 4, 2)}
{(38, 37, 2, 3)}
{(38, 37, 3, 2)}
{(38, 37, 4, 1)}
{(40, 38, 1, 1)}
{(38, 38, 1, 3)}
{(38, 38, 2, 2)}
{(38, 38, 3, 1)}
{(39, 34, 4, 3)}
{(39, 35, 3, 3)}
{(39, 35, 4, 2)}
{(39, 36, 2, 3)}
{(39, 36, 3, 2)}
{(39, 36, 4, 1)}
{(39, 37, 1, 3)}
{(39, 37, 2, 2)}
{(39, 37, 3, 1)}
{(39, 38, 1, 2)}
{(39, 38, 2, 1)}
{(39, 39, 1, 1)}
neighbor [(40, 35, 5, 0), (40, 36, 0, 4)]
